	(1)	(2)	(3)	(4)
	dvar	dvar	dvar	dvar
A_yrdums1	0.00000000	0.00000000	0.00000000	0.00000000
	0.00000000	0.00000000	0.00000000	0.00000000
A_yrdums2	0.00000000	0.00000000	0.00000000	0.00000000
	0.00000000	0.00000000	0.00000000	0.00000000
A_yrdums3	0.00000000	0.00000000	0.00000000	0.00000000
	0.00000000	0.00000000	0.00000000	0.00000000
A_yrdums4	0.00000000	0.00000000	0.00000000	0.00000000
	0.00000000	0.00000000	0.00000000	0.00000000
A_yrdums5	0.00000000	0.00000000	0.00000000	0.00000000
	0.00000000	0.00000000	0.00000000	0.00000000
A_yrdums6	0.00000000	0.00000000	0.00000000	0.00000000
	0.00000000	0.00000000	0.00000000	0.00000000
A_yrdums7	0.00000000	0.00000000	0.00000000	0.00000000
	0.00000000	0.00000000	0.00000000	0.00000000
A_yrdums8	0.00000000	0.00000000	0.00000000	0.00000000
	0.00000000	0.00000000	0.00000000	0.00000000
A_yrdums9	-4.01788e+03	2.05897e+03	-6.42153e+02	356.18474501
	7.00187e+03	4.37212e+03	2.17912e+03	3.75041e+03
A_yrdums10	-3.91919e+03	1.67322e+03	-6.65368e+02	268.44792435
	6.30770e+03	3.93516e+03	1.96222e+03	3.37867e+03
A_yrdums11	-3.44559e+03	1.65187e+03	-6.40847e+02	621.65547003
	5.61227e+03	3.50639e+03	1.74377e+03	3.00104e+03
A_yrdums12	-2.84041e+03	1.50761e+03	-4.59878e+02	661.28703299
	4.91242e+03	3.06860e+03	1.52572e+03	2.62709e+03
A_yrdums13	-2.67392e+03	1.21061e+03	-4.88820e+02	382.35578103
	4.20717e+03	2.62777e+03	1.30765e+03	2.25534e+03
A_yrdums14	-1.89492e+03	1.20332e+03	-2.92626e+02	530.63348822
	3.50862e+03	2.19478e+03	1.09041e+03	1.87870e+03
A_yrdums15	-1.20273e+03	1.00585e+03	-59.73171831	873.45823325
	2.80876e+03	1.75734e+03	872.31571152	1.50286e+03
A_yrdums16	-8.34189e+02	604.22484197	106.15310297	335.15711946
	2.10868e+03	1.32398e+03	653.72685132	1.12618e+03
A_yrdums17	-6.77941e+02	240.59823201	60.06931266	508.55429993
	1.40521e+03	882.14868766	436.04196865	749.47902391
A_yrdums18	-3.83830e+02	236.33211798	-64.97027168	-1.47641e+02
	701.34244988	440.24399229	218.44383165	380.42857964
A_yrdums19	0.00000000	0.00000000	0.00000000	0.00000000
	0.00000000	0.00000000	0.00000000	0.00000000
A_yrdums20	0.00000000	0.00000000	0.00000000	0.00000000
	0.00000000	0.00000000	0.00000000	0.00000000
A_dydums1	0.00000000	0.00000000	0.00000000	0.00000000
	0.00000000	0.00000000	0.00000000	0.00000000
A_dydums2	0.00000000	0.00000000	0.00000000	0.00000000
	0.00000000	0.00000000	0.00000000	0.00000000
A_dydums3	0.00000000	0.00000000	0.00000000	0.00000000
	0.00000000	0.00000000	0.00000000	0.00000000
A_dydums4	0.00000000	0.00000000	0.00000000	0.00000000
	0.00000000	0.00000000	0.00000000	0.00000000
A_dydums5	0.00000000	0.00000000	0.00000000	0.00000000
	0.00000000	0.00000000	0.00000000	0.00000000
A_dydums6	0.00000000	0.00000000	0.00000000	0.00000000
	0.00000000	0.00000000	0.00000000	0.00000000
A_dydums7	0.00000000	0.00000000	0.00000000	0.00000000
	0.00000000	0.00000000	0.00000000	0.00000000
A_dydums8	0.00000000	0.00000000	0.00000000	0.00000000
	0.00000000	0.00000000	0.00000000	0.00000000
A_dydums9	0.00000000	0.00000000	0.00000000	0.00000000
	0.00000000	0.00000000	0.00000000	0.00000000
A_dydums10	-2.12300e+02	339.91833389	-0.16645780	143.15066413
	697.12240996	441.82197256	218.19019401	377.78958580
A_dydums11	-4.07374e+02	505.96084240	80.93057412	330.86510510
	1.39656e+03	870.61132538	435.73902569	752.36735087
A_dydums12	-5.90736e+02	752.29914716	116.18196537	523.23107659
	2.09287e+03	1.30833e+03	653.10402599	1.12881e+03
A_dydums13	-6.98717e+02	1.02950e+03	154.71620255	700.87938526
	2.79608e+03	1.74573e+03	871.58531078	1.50612e+03
A_dydums14	-8.42017e+02	1.34739e+03	173.81585919	936.39644404
	3.49439e+03	2.18119e+03	1.08911e+03	1.87852e+03
A_dydums15	-9.37963e+02	1.63851e+03	234.93568229	1.17451e+03
	4.19554e+03	2.61977e+03	1.30713e+03	2.25650e+03
A_dydums16	-1.08572e+03	1.90819e+03	279.77379426	1.37750e+03
	4.89614e+03	3.05645e+03	1.52460e+03	2.63022e+03
A_dydums17	-1.20349e+03	2.21070e+03	315.14921259	1.56075e+03
	5.60191e+03	3.49891e+03	1.74365e+03	3.00835e+03
A_dydums18	-1.43670e+03	2.44716e+03	319.97293313	1.71733e+03
	6.29775e+03	3.93241e+03	1.96059e+03	3.38247e+03
A_dydums19	-1.59375e+03	2.73579e+03	347.42921721	1.90945e+03
	6.99659e+03	4.36802e+03	2.17907e+03	3.75729e+03
A_dydums20	-1.85172e+03	2.89697e+03	386.23577533	2.06258e+03
	7.69276e+03	4.80250e+03	2.39641e+03	4.13210e+03
A_dydums21	-3.12105e+02	3.90823e+03	-1.61185e+03	5.84753e+03
	8.72492e+03	5.79530e+03	2.47438e+03	6.21704e+03
A_dydums22	-3.89778e+03	-8.19840e+02	-1.17788e+03	-2.87029e+03
	8.19012e+03	5.85111e+03	2.40657e+03	4.76391e+03
A_dydums23	-4.18745e+03	-1.93100e+03	-2.78070e+02	998.40460804
	7.65873e+03	5.22109e+03	2.30220e+03	5.76546e+03
A_dydums24	2.32131e+03	3.44364e+03	-7.22277e+02	220.54373400
	4.07757e+03	3.39508e+03	928.69667438	2.66445e+03
A_dydums25	0.00000000	0.00000000	0.00000000	0.00000000
	0.00000000	0.00000000	0.00000000	0.00000000
A_dydums26	0.00000000	0.00000000	0.00000000	0.00000000
	0.00000000	0.00000000	0.00000000	0.00000000
A_dydums27	0.00000000	0.00000000	0.00000000	0.00000000
	0.00000000	0.00000000	0.00000000	0.00000000
A_dydums28	0.00000000	0.00000000	0.00000000	0.00000000
	0.00000000	0.00000000	0.00000000	0.00000000
A_dydums29	0.00000000	0.00000000	0.00000000	0.00000000
	0.00000000	0.00000000	0.00000000	0.00000000
A_dydums30	0.00000000	0.00000000	0.00000000	0.00000000
	0.00000000	0.00000000	0.00000000	0.00000000
A_dydums31	0.00000000	0.00000000	0.00000000	0.00000000
	0.00000000	0.00000000	0.00000000	0.00000000
A_dydums32	0.00000000	0.00000000	0.00000000	0.00000000
	0.00000000	0.00000000	0.00000000	0.00000000
A_dydums33	0.00000000	0.00000000	0.00000000	0.00000000
	0.00000000	0.00000000	0.00000000	0.00000000
A_dydums34	0.00000000	0.00000000	0.00000000	0.00000000
	0.00000000	0.00000000	0.00000000	0.00000000
A_dydums35	0.00000000	0.00000000	0.00000000	0.00000000
	0.00000000	0.00000000	0.00000000	0.00000000
A_dydums36	0.00000000	0.00000000	0.00000000	0.00000000
	0.00000000	0.00000000	0.00000000	0.00000000
A_dydums37	0.00000000	0.00000000	0.00000000	0.00000000
	0.00000000	0.00000000	0.00000000	0.00000000
A_dydums38	0.00000000	0.00000000	0.00000000	0.00000000
	0.00000000	0.00000000	0.00000000	0.00000000
A_dydums39	0.00000000	0.00000000	0.00000000	0.00000000
	0.00000000	0.00000000	0.00000000	0.00000000
A_win_1	305.96262619	249.89512052	44.45178770	67.41560797
	166.31656225	143.02763828	41.03970144	120.17411893
A_win_2	850.44659600	764.92958378	3.02425959	-37.21255744
	202.57062489	173.81882996	48.36523893	143.93950672
A_win_3	1.15533e+03	1.06794e+03	-9.93696787	-1.50072e+02
	255.20584418	223.76956797	46.18815081	165.59024390
A_win_4	872.14882698	800.07123598	-27.72175493	9.95330272
	289.78854754	252.75063705	58.51078277	164.58005807
A_win_5	218.91291997	270.07473355	-21.61587036	38.30696667
	296.07908934	248.30502558	73.02745611	161.31134119
A_win_6	-2.77467e+02	-2.97960e+02	-20.54163960	-1.29970e+02
	312.85899530	250.95349261	75.13431966	179.00873463
A_win_7	-3.78084e+02	-3.29499e+02	37.97402344	-86.51569581
	295.51815104	247.34627934	78.74711777	166.32389137
A_win_8	-3.01379e+02	-2.33315e+02	-25.84041282	-64.40399595
	319.47766393	246.90050219	83.84523557	201.27277624
A_win_9	-5.27598e+02	-3.00330e+02	-64.02403682	-2.86042e+02
	321.02752137	265.24446387	89.77732236	196.65699928
A_win_10	-4.94485e+02	-2.66079e+02	-80.69772519	-1.01481e+02
	335.16237810	267.98393398	97.47310853	210.71572866
A_win_11	-2.15216e+02	-44.23142486	-1.09714e+02	-5.10328714
	354.28289405	286.73207280	104.30294744	210.22977986
A_win_12	-2.26421e+02	-96.04362435	-78.15264120	2.14218572
	391.64665125	322.60439499	110.63001053	256.41369063
A_win_13	-1.68212e+02	-36.78447242	-97.76637049	32.68141809
	429.37625040	356.47600075	120.57299062	266.62623519
A_win_14	90.15477388	93.54711593	-59.24923134	180.12024315
	446.04370470	350.51222522	134.96030499	280.16233247
A_win_15	-1.22883e+02	-1.63374e+02	-94.68758552	-33.33929500
	464.42887085	381.40374527	115.34040428	317.78142812
A_win_16	-3.97213e+02	-3.42619e+02	-91.84526346	87.10538861
	646.21121291	558.39842594	145.22080602	555.61672456
A_win_17	-6.13953e+02	-7.52224e+02	-13.50559494	306.47525593
	619.04280042	434.03500974	161.37627502	440.35004602
A_win_18	-1.16668e+03	-1.19645e+03	70.09127673	627.67743726
	883.16957316	704.27777136	187.27230067	642.98236534
A_win_19	0.00000000	0.00000000	0.00000000	0.00000000
	0.00000000	0.00000000	0.00000000	0.00000000
A_req_1	10.91996005	8.44881993	4.49932505	6.74925656
	12.47748011	9.78958962	2.93873386	7.71599477
A_req_2	18.22820556	14.82887733	5.80845822	-3.99794780
	16.58304628	13.01348552	3.97641778	10.62408123
A_req_3	43.61662999	39.53069423	5.15623150	-0.27132396
	19.94620859	16.69061838	4.14547381	11.88879441
A_req_4	33.93356022	22.43035023	8.77282886	17.10186477
	26.75636316	24.08769539	5.03020431	12.53824534
A_req_5	103.61089514	93.54202273	5.33213679	12.86343625
	26.38593930	19.55192153	4.37551596	24.12842408
A_req_6	103.04498639	101.35396193	5.16582021	20.63698705
	31.30540535	23.25008391	6.15174209	27.29865070
A_req_7	97.07279284	104.68649012	3.51067758	28.75021386
	38.33505525	27.43274739	8.69608326	32.63904801
A_req_8	107.25798524	104.06699243	6.06618174	24.51740398
	46.36843464	32.50034774	11.50937315	34.45594853
A_req_9	76.35665929	98.11946738	3.32653921	27.19123921
	57.17992423	39.01707803	14.93755578	38.76613746
A_percent_1	-1.32773e+02	-89.23901277	84.86061266	-2.17067e+02
	267.24847277	197.62985816	65.83380930	207.13721848
A_percent_2	23.35923290	160.17488682	55.66744044	249.95188346
	321.48109472	247.13929904	77.22175213	208.13511264
A_percent_3	29.69360226	181.69498627	37.85933312	67.01426107
	433.00847261	288.21539359	111.57108041	242.46105382
A_percent_4	-3.08347e+02	-45.83375313	44.66270234	4.97627437
	506.78802013	331.91017546	156.27028945	255.13566543
A_percent_5	-4.86146e+02	-1.48020e+02	28.85800541	86.14130518
	534.02055255	331.75355472	165.58147645	276.83475315
A_percent_6	-4.66657e+02	-1.26728e+02	15.15729720	36.76472865
	543.06102765	330.93838077	168.98971978	284.53125921
A_percent_7	-4.48104e+02	-1.23101e+02	30.06188368	34.11673914
	539.24626549	328.30743990	170.44378097	277.42945485
A_percent_8	-5.09321e+02	-1.00030e+02	6.90832415	52.28670182
	543.35001029	330.39015221	172.95597114	280.03578505
A_percent_9	-3.23053e+02	3.42792722	27.00316096	100.70209357
	540.41777281	334.22300767	169.59159893	282.08750699
A_percent2_1	2.11194047	1.68010122	-1.38933553	3.67023691
	4.30321941	3.25059068	1.06937429	3.33780646
A_percent2_2	-0.45833443	-2.54807584	-0.85628891	-3.57103382
	5.24429450	4.11301799	1.24484500	3.46836616
A_percent2_3	-1.53978150	-3.18456176	-0.87448346	-0.81393889
	7.01580043	4.80557173	1.77269361	4.02173162
A_percent2_4	4.36679899	0.88008506	-0.97494000	0.93098718
	8.20151856	5.45852840	2.52280021	4.09881233
A_percent2_5	7.98718042	3.28240486	-0.79604073	-0.96405971
	8.61196100	5.38546210	2.65491184	4.45715570
A_percent2_6	7.11849286	2.30255553	-0.38629276	0.15979281
	8.87191333	5.38762689	2.73758089	4.66473065
A_percent2_7	6.89967420	2.43945135	-0.74274352	0.11872140
	8.74151203	5.27630478	2.78455152	4.44317873
A_percent2_8	8.29010748	2.06246758	-0.14539545	-0.02392579
	8.84944332	5.31853326	2.84670879	4.54210202
A_percent2_9	3.79768736	-0.69508511	-0.61063075	-1.51339942
	8.80840643	5.47682412	2.75188869	4.62910523
A_percent3_1	-0.01052930	-0.00981476	0.00749579	-0.01980993
	0.02236729	0.01710845	0.00559445	0.01742390
A_percent3_2	0.00328918	0.01318509	0.00455704	0.01680084
	0.02767901	0.02202232	0.00647275	0.01851266
A_percent3_3	0.01349765	0.01766278	0.00604073	0.00369546
	0.03689886	0.02577131	0.00914500	0.02150874
A_percent3_4	-0.01884989	-0.00496847	0.00676929	-0.00925172
	0.04290023	0.02874512	0.01327848	0.02128879
A_percent3_5	-0.04059935	-0.02075294	0.00606086	0.00303128
	0.04495836	0.02818704	0.01388420	0.02345792
A_percent3_6	-0.03205276	-0.01128486	0.00311574	-0.00356303
	0.04712649	0.02852275	0.01448328	0.02478881
A_percent3_7	-0.03222561	-0.01407962	0.00548454	-0.00372810
	0.04608317	0.02756072	0.01489715	0.02326221
A_percent3_8	-0.04242006	-0.01306080	0.00144516	-0.00413784
	0.04680295	0.02772207	0.01530832	0.02388227
A_percent3_9	-0.01104189	0.00685469	0.00463631	0.00744285
	0.04687759	0.02940488	0.01456362	0.02475077
A_req_10	67.16409334	98.29482457	3.60405141	26.23034134
	66.89654782	45.41630742	18.04445669	43.44102693
A_req_11	74.31953113	110.22819034	4.05978498	35.64032219
	76.21097608	50.72505420	21.23354440	48.57794407
A_req_12	77.37420198	117.97155028	8.15552222	41.77545445
	85.56597243	56.28177467	24.47933364	54.51892615
A_req_13	88.19964844	134.62376628	9.09184088	37.42273652
	95.36891335	62.41328954	27.64106050	59.24664778
A_req_14	105.68744151	155.81522380	8.05554566	53.10833327
	105.60099067	68.78037675	30.88385783	64.32865906
A_req_15	91.16644860	156.73858285	6.40337996	43.43798644
	115.70583942	74.87896574	34.11924415	69.18049082
A_req_16	198.29522314	199.29747352	-4.84850187	48.59698112
	196.69257015	130.59859729	56.18377550	142.09363973
A_req_17	319.39434134	302.14282476	-11.34214055	-93.08626445
	226.91561278	131.84896099	69.36484585	111.81391986
A_req_18	393.68402415	376.94764967	-23.59618591	98.06618511
	305.58044964	207.58590401	90.76512122	220.94826409
A_req_19	0.00000000	0.00000000	0.00000000	0.00000000
	0.00000000	0.00000000	0.00000000	0.00000000
A_percent_10	-2.82767e+02	29.74632680	27.33145791	75.30598352
	539.15165030	333.53869719	170.02822229	283.20003005
A_percent_11	-3.81870e+02	-63.93522630	19.70552448	30.18797974
	539.75147081	333.02205941	170.31356480	281.94720551
A_percent_12	-4.05395e+02	-88.60828560	11.82005565	57.18767517
	540.53255359	333.75717056	169.88736378	284.62230858
A_percent_13	-4.35979e+02	-1.30155e+02	10.47853394	75.17673714
	541.54065370	334.97542955	170.17073372	287.41252850
A_percent_14	-4.44548e+02	-1.58711e+02	26.65213461	20.81238844
	539.08713948	333.13760887	170.08151527	282.13065142
A_percent_15	-4.73873e+02	-1.62548e+02	21.62853575	60.32862829
	539.48135855	332.13194921	170.30789841	284.89136180
A_percent_16	-9.33286e+02	-3.46884e+02	42.81697136	28.34239135
	717.48132562	460.71788703	218.28021546	525.47030398
A_percent_17	-1.44261e+03	-7.66734e+02	65.37678000	561.91398639
	814.42421498	487.36139568	253.18405611	424.78170104
A_percent_18	-1.69251e+03	-1.04316e+03	165.78195775	-20.95393443
	1.19893e+03	819.80136624	343.21762658	797.20605080
A_percent_19	0.00000000	0.00000000	0.00000000	0.00000000
	0.00000000	0.00000000	0.00000000	0.00000000
A_percent2_10	2.90940800	-1.26491197	-0.66779177	-0.54080016
	8.77379127	5.46596808	2.76624452	4.64039984
A_percent2_11	5.29038759	1.03004007	-0.46842164	0.35136008
	8.79660131	5.44246626	2.77859290	4.60675771
A_percent2_12	5.61459205	1.55338370	-0.40394834	-0.46867346
	8.82220885	5.47467114	2.76707304	4.69874273
A_percent2_13	6.04493587	2.36216898	-0.38543696	-0.46844935
	8.87570525	5.53566226	2.77564744	4.83077471
A_percent2_14	5.23516731	2.29153875	-0.78588720	0.42943544
	8.82269559	5.50538546	2.77910528	4.62682266
A_percent2_15	6.37091524	2.27933787	-0.56527454	-0.11380568
	8.87075821	5.48618898	2.79221312	4.76517321
A_percent2_16	15.31747146	6.30365855	-0.60330797	0.67521966
	11.80655328	7.68452041	3.54865732	8.93430565
A_percent2_17	24.52580530	13.86670186	-0.91174264	-8.47500864
	13.58148079	8.26123864	4.13538740	7.30083336
A_percent2_18	28.31608985	18.83529528	-3.45343210	0.74885481
	21.56197474	14.97926248	6.03254811	13.96123065
A_percent2_19	0.00000000	0.00000000	0.00000000	0.00000000
	0.00000000	0.00000000	0.00000000	0.00000000
A_percent3_10	-0.00574499	0.00987057	0.00543006	-0.00090938
	0.04646964	0.02915198	0.01469455	0.02464582
A_percent3_11	-0.02166747	-0.00540259	0.00420476	-0.00566918
	0.04672572	0.02900599	0.01480858	0.02444626
A_percent3_12	-0.02250626	-0.00830682	0.00403980	-0.00003200
	0.04675285	0.02915373	0.01473945	0.02512480
A_percent3_13	-0.02565608	-0.01422917	0.00392300	-0.00250122
	0.04735202	0.02966393	0.01479224	0.02632887
A_percent3_14	-0.01679338	-0.01083652	0.00639574	-0.00698416
	0.04703021	0.02961614	0.01484891	0.02463457
A_percent3_15	-0.02427959	-0.00897157	0.00482941	-0.00445259
	0.04773164	0.02969849	0.01500597	0.02598650
A_percent3_16	-0.07864837	-0.03564564	0.00329261	-0.00977252
	0.06182871	0.04021656	0.01871181	0.04748336
A_percent3_17	-0.12970591	-0.07648185	0.00435466	0.03960286
	0.07222443	0.04408139	0.02180108	0.03972531
A_percent3_18	-0.14624277	-0.10311389	0.02233878	-0.01042097
	0.12306614	0.08685401	0.03390838	0.07844783
A_percent3_19	0.00000000	0.00000000	0.00000000	0.00000000
	0.00000000	0.00000000	0.00000000	0.00000000
B_yrdums1	0.00000000	0.00000000	0.00000000	0.00000000
	0.00000000	0.00000000	0.00000000	0.00000000
B_yrdums2	0.00021992	0.00021992	0.00021992	0.00021992
	0.01527249	0.01527249	0.01527249	0.01527249
B_yrdums3	-0.02184760	-0.02184760	-0.02184760	-0.02184760
	0.01406311	0.01406311	0.01406311	0.01406311
B_yrdums4	-0.02294366	-0.02294366	-0.02294366	-0.02294366
	0.01194345	0.01194345	0.01194345	0.01194345
B_yrdums5	-0.01213564	-0.01213564	-0.01213564	-0.01213564
	0.01344570	0.01344570	0.01344570	0.01344570
B_yrdums6	-0.02165831	-0.02165831	-0.02165831	-0.02165831
	0.01321780	0.01321780	0.01321780	0.01321780
B_yrdums7	-0.02315098	-0.02315098	-0.02315098	-0.02315098
	0.01067881	0.01067881	0.01067881	0.01067881
B_yrdums8	-0.02772434	-0.02772434	-0.02772434	-0.02772434
	0.01280507	0.01280507	0.01280507	0.01280507
B_yrdums9	-0.03131933	-0.03131933	-0.03131933	-0.03131933
	0.01288917	0.01288917	0.01288917	0.01288917
B_yrdums10	-0.00534805	-0.00534805	-0.00534805	-0.00534805
	0.01383320	0.01383320	0.01383320	0.01383320
B_yrdums11	0.02801836	0.02801836	0.02801836	0.02801836
	0.01584421	0.01584421	0.01584421	0.01584421
B_yrdums12	-0.02630420	-0.02630420	-0.02630420	-0.02630420
	0.01434692	0.01434692	0.01434692	0.01434692
B_yrdums13	-0.04274292	-0.04274292	-0.04274292	-0.04274292
	0.01399765	0.01399765	0.01399765	0.01399765
B_yrdums14	-0.02181761	-0.02181761	-0.02181761	-0.02181761
	0.01653951	0.01653951	0.01653951	0.01653951
B_yrdums15	0.02359980	0.02359980	0.02359980	0.02359980
	0.01982862	0.01982862	0.01982862	0.01982862
B_yrdums16	-0.00442543	-0.00442543	-0.00442543	-0.00442543
	0.01759046	0.01759046	0.01759046	0.01759046
B_yrdums17	-0.00463243	-0.00463243	-0.00463243	-0.00463243
	0.01969360	0.01969360	0.01969360	0.01969360
B_yrdums18	-0.02256530	-0.02256530	-0.02256530	-0.02256530
	0.01983973	0.01983973	0.01983973	0.01983973
B_yrdums19	-0.06724435	-0.06724435	-0.06724435	-0.06724435
	0.01898351	0.01898351	0.01898351	0.01898351
B_yrdums20	0.00000000	0.00000000	0.00000000	0.00000000
	0.00000000	0.00000000	0.00000000	0.00000000
B_dydums1	0.00000000	0.00000000	0.00000000	0.00000000
	0.00000000	0.00000000	0.00000000	0.00000000
B_dydums2	0.00000000	0.00000000	0.00000000	0.00000000
	0.00000000	0.00000000	0.00000000	0.00000000
B_dydums3	0.00000000	0.00000000	0.00000000	0.00000000
	0.00000000	0.00000000	0.00000000	0.00000000
B_dydums4	0.00000000	0.00000000	0.00000000	0.00000000
	0.00000000	0.00000000	0.00000000	0.00000000
B_dydums5	0.00000000	0.00000000	0.00000000	0.00000000
	0.00000000	0.00000000	0.00000000	0.00000000
B_dydums6	0.00000000	0.00000000	0.00000000	0.00000000
	0.00000000	0.00000000	0.00000000	0.00000000
B_dydums7	0.00000000	0.00000000	0.00000000	0.00000000
	0.00000000	0.00000000	0.00000000	0.00000000
B_dydums8	0.00000000	0.00000000	0.00000000	0.00000000
	0.00000000	0.00000000	0.00000000	0.00000000
B_dydums9	0.94061185	0.94061185	0.94061185	0.94061185
	0.34795694	0.34795694	0.34795694	0.34795694
B_dydums10	0.93063687	0.93063687	0.93063688	0.93063687
	0.34784692	0.34784692	0.34784692	0.34784692
B_dydums11	0.93719814	0.93719814	0.93719814	0.93719814
	0.34734291	0.34734291	0.34734291	0.34734291
B_dydums12	0.94343884	0.94343884	0.94343884	0.94343884
	0.34874511	0.34874511	0.34874511	0.34874511
B_dydums13	0.94772993	0.94772993	0.94772993	0.94772993
	0.34816118	0.34816118	0.34816118	0.34816118
B_dydums14	0.94164505	0.94164505	0.94164505	0.94164505
	0.34817140	0.34817140	0.34817140	0.34817140
B_dydums15	0.95171896	0.95171896	0.95171896	0.95171896
	0.34868151	0.34868151	0.34868151	0.34868151
B_dydums16	0.94248891	0.94248891	0.94248891	0.94248891
	0.34850607	0.34850607	0.34850607	0.34850607
B_dydums17	0.93358039	0.93358039	0.93358039	0.93358039
	0.34917497	0.34917497	0.34917497	0.34917497
B_dydums18	0.93630723	0.93630723	0.93630723	0.93630723
	0.34844318	0.34844318	0.34844318	0.34844318
B_dydums19	0.91925198	0.91925198	0.91925198	0.91925198
	0.34877105	0.34877105	0.34877105	0.34877105
B_dydums20	0.00000000	0.00000000	0.00000000	0.00000000
	0.00000000	0.00000000	0.00000000	0.00000000
B_dydums21	1.23106539	1.23106539	1.23106539	1.23106539
	0.34217533	0.34217533	0.34217533	0.34217533
B_dydums22	1.13195858	1.13195858	1.13195858	1.13195858
	0.36586702	0.36586703	0.36586702	0.36586702
B_dydums23	1.02828223	1.02828223	1.02828223	1.02828223
	0.37100650	0.37100650	0.37100650	0.37100650
B_dydums24	1.24811358	1.24811358	1.24811358	1.24811358
	0.39406348	0.39406348	0.39406348	0.39406348
B_dydums25	0.71182091	0.71182091	0.71182091	0.71182091
	0.39654816	0.39654816	0.39654816	0.39654816
B_dydums26	0.00000000	0.00000000	0.00000000	0.00000000
	0.00000000	0.00000000	0.00000000	0.00000000
B_dydums27	0.00000000	0.00000000	0.00000000	0.00000000
	0.00000000	0.00000000	0.00000000	0.00000000
B_dydums28	0.00000000	0.00000000	0.00000000	0.00000000
	0.00000000	0.00000000	0.00000000	0.00000000
B_dydums29	0.00000000	0.00000000	0.00000000	0.00000000
	0.00000000	0.00000000	0.00000000	0.00000000
B_dydums30	0.00000000	0.00000000	0.00000000	0.00000000
	0.00000000	0.00000000	0.00000000	0.00000000
B_dydums31	0.00000000	0.00000000	0.00000000	0.00000000
	0.00000000	0.00000000	0.00000000	0.00000000
B_dydums32	0.00000000	0.00000000	0.00000000	0.00000000
	0.00000000	0.00000000	0.00000000	0.00000000
B_dydums33	0.00000000	0.00000000	0.00000000	0.00000000
	0.00000000	0.00000000	0.00000000	0.00000000
B_dydums34	0.00000000	0.00000000	0.00000000	0.00000000
	0.00000000	0.00000000	0.00000000	0.00000000
B_dydums35	0.00000000	0.00000000	0.00000000	0.00000000
	0.00000000	0.00000000	0.00000000	0.00000000
B_dydums36	0.00000000	0.00000000	0.00000000	0.00000000
	0.00000000	0.00000000	0.00000000	0.00000000
B_dydums37	0.00000000	0.00000000	0.00000000	0.00000000
	0.00000000	0.00000000	0.00000000	0.00000000
B_dydums38	0.00000000	0.00000000	0.00000000	0.00000000
	0.00000000	0.00000000	0.00000000	0.00000000
B_dydums39	0.00000000	0.00000000	0.00000000	0.00000000
	0.00000000	0.00000000	0.00000000	0.00000000
B_win_1	-0.22890302	-0.22890302	-0.22890302	-0.22890302
	0.03413482	0.03413482	0.03413482	0.03413482
B_win_2	-0.18881325	-0.18881325	-0.18881325	-0.18881325
	0.03114978	0.03114978	0.03114978	0.03114978
B_win_3	-0.10965200	-0.10965200	-0.10965200	-0.10965200
	0.02783073	0.02783073	0.02783073	0.02783073
B_win_4	-0.09666305	-0.09666305	-0.09666305	-0.09666305
	0.03251069	0.03251069	0.03251069	0.03251069
B_win_5	-0.01288509	-0.01288509	-0.01288509	-0.01288509
	0.02885819	0.02885819	0.02885819	0.02885819
B_win_6	-0.00956788	-0.00956788	-0.00956788	-0.00956788
	0.03054032	0.03054032	0.03054032	0.03054032
B_win_7	0.00436294	0.00436294	0.00436294	0.00436294
	0.03570205	0.03570205	0.03570205	0.03570205
B_win_8	0.01104756	0.01104756	0.01104756	0.01104756
	0.04533180	0.04533180	0.04533180	0.04533180
B_win_9	0.06669032	0.06669032	0.06669032	0.06669032
	0.04106189	0.04106189	0.04106189	0.04106189
B_win_10	0.00537198	0.00537198	0.00537198	0.00537198
	0.04092633	0.04092633	0.04092633	0.04092633
B_win_11	0.02659512	0.02659512	0.02659512	0.02659512
	0.05912421	0.05912421	0.05912421	0.05912421
B_win_12	-0.00369155	-0.00369155	-0.00369155	-0.00369155
	0.05506080	0.05506080	0.05506080	0.05506080
B_win_13	0.05887454	0.05887454	0.05887454	0.05887454
	0.06792080	0.06792080	0.06792080	0.06792080
B_win_14	-0.07627531	-0.07627531	-0.07627531	-0.07627531
	0.05380937	0.05380937	0.05380937	0.05380937
B_win_15	-0.05499564	-0.05499564	-0.05499564	-0.05499564
	0.08438368	0.08438368	0.08438368	0.08438368
B_win_16	0.03816748	0.03816748	0.03816748	0.03816748
	0.10646405	0.10646405	0.10646405	0.10646405
B_win_17	-0.00052989	-0.00052989	-0.00052989	-0.00052989
	0.13198494	0.13198494	0.13198494	0.13198494
B_win_18	-0.08735116	-0.08735116	-0.08735116	-0.08735116
	0.15032140	0.15032140	0.15032140	0.15032140
B_win_19	0.00000000	0.00000000	0.00000000	0.00000000
	0.00000000	0.00000000	0.00000000	0.00000000
B_req_1	-0.00317533	-0.00317533	-0.00317533	-0.00317533
	0.00160933	0.00160933	0.00160933	0.00160933
B_req_2	-0.00262378	-0.00262378	-0.00262378	-0.00262378
	0.00173774	0.00173774	0.00173774	0.00173774
B_req_3	-0.00125708	-0.00125708	-0.00125708	-0.00125708
	0.00153638	0.00153638	0.00153638	0.00153638
B_req_4	-0.00419479	-0.00419479	-0.00419479	-0.00419479
	0.00244758	0.00244758	0.00244758	0.00244758
B_req_5	0.00291061	0.00291061	0.00291061	0.00291061
	0.00292373	0.00292373	0.00292373	0.00292373
B_req_6	0.01538167	0.01538167	0.01538167	0.01538167
	0.00440379	0.00440379	0.00440379	0.00440379
B_req_7	0.01209049	0.01209049	0.01209049	0.01209049
	0.00609616	0.00609616	0.00609616	0.00609616
B_req_8	0.01250603	0.01250603	0.01250603	0.01250603
	0.00589641	0.00589641	0.00589641	0.00589641
B_req_9	0.01210671	0.01210671	0.01210671	0.01210671
	0.00635345	0.00635345	0.00635345	0.00635345
B_percent_1	-0.01851891	-0.01851891	-0.01851891	-0.01851891
	0.00709140	0.00709140	0.00709140	0.00709140
B_percent_2	-0.00236145	-0.00236145	-0.00236145	-0.00236145
	0.00694964	0.00694964	0.00694964	0.00694964
B_percent_3	-0.00279712	-0.00279712	-0.00279712	-0.00279712
	0.00585248	0.00585248	0.00585248	0.00585248
B_percent_4	-0.00356208	-0.00356208	-0.00356208	-0.00356208
	0.00702984	0.00702984	0.00702984	0.00702984
B_percent_5	0.00549480	0.00549480	0.00549480	0.00549480
	0.00624460	0.00624460	0.00624460	0.00624460
B_percent_6	0.00859589	0.00859589	0.00859589	0.00859589
	0.00984825	0.00984825	0.00984825	0.00984825
B_percent_7	0.03186491	0.03186491	0.03186491	0.03186491
	0.01048463	0.01048463	0.01048463	0.01048463
B_percent_8	0.01555074	0.01555074	0.01555074	0.01555074
	0.01027430	0.01027430	0.01027430	0.01027430
B_percent_9	0.01375047	0.01375047	0.01375047	0.01375047
	0.01089748	0.01089748	0.01089748	0.01089748
B_percent2_1	0.00055246	0.00055246	0.00055246	0.00055246
	0.00015902	0.00015902	0.00015902	0.00015902
B_percent2_2	0.00012621	0.00012621	0.00012621	0.00012621
	0.00018138	0.00018138	0.00018138	0.00018138
B_percent2_3	0.00010972	0.00010972	0.00010972	0.00010972
	0.00014199	0.00014199	0.00014199	0.00014199
B_percent2_4	0.00012205	0.00012205	0.00012205	0.00012205
	0.00017077	0.00017077	0.00017077	0.00017077
B_percent2_5	-0.00008653	-0.00008653	-0.00008653	-0.00008653
	0.00014611	0.00014611	0.00014611	0.00014611
B_percent2_6	-0.00027058	-0.00027058	-0.00027058	-0.00027058
	0.00019916	0.00019916	0.00019916	0.00019916
B_percent2_7	-0.00079221	-0.00079221	-0.00079221	-0.00079221
	0.00025760	0.00025760	0.00025760	0.00025760
B_percent2_8	-0.00031729	-0.00031729	-0.00031729	-0.00031729
	0.00024444	0.00024444	0.00024444	0.00024444
B_percent2_9	-0.00023735	-0.00023735	-0.00023735	-0.00023735
	0.00022957	0.00022957	0.00022957	0.00022957
B_percent3_1	-0.00000374	-0.00000374	-0.00000374	-0.00000374
	0.00000101	0.00000101	0.00000101	0.00000101
B_percent3_2	-0.00000087	-0.00000087	-0.00000087	-0.00000087
	0.00000126	0.00000126	0.00000126	0.00000126
B_percent3_3	-0.00000067	-0.00000067	-0.00000067	-0.00000067
	0.00000096	0.00000096	0.00000096	0.00000096
B_percent3_4	-0.00000075	-0.00000075	-0.00000075	-0.00000075
	0.00000116	0.00000116	0.00000116	0.00000116
B_percent3_5	0.00000037	0.00000037	0.00000037	0.00000037
	0.00000096	0.00000096	0.00000096	0.00000096
B_percent3_6	0.00000200	0.00000200	0.00000200	0.00000200
	0.00000131	0.00000131	0.00000131	0.00000131
B_percent3_7	0.00000536	0.00000536	0.00000536	0.00000536
	0.00000177	0.00000177	0.00000177	0.00000177
B_percent3_8	0.00000187	0.00000187	0.00000187	0.00000187
	0.00000166	0.00000166	0.00000166	0.00000166
B_percent3_9	0.00000103	0.00000103	0.00000103	0.00000103
	0.00000150	0.00000150	0.00000150	0.00000150
B_req_10	0.01434882	0.01434882	0.01434882	0.01434882
	0.00543714	0.00543714	0.00543714	0.00543714
B_req_11	0.01256653	0.01256653	0.01256653	0.01256653
	0.00567829	0.00567829	0.00567829	0.00567829
B_req_12	0.02794695	0.02794695	0.02794695	0.02794695
	0.00577516	0.00577516	0.00577516	0.00577516
B_req_13	0.01224965	0.01224965	0.01224965	0.01224965
	0.00604521	0.00604521	0.00604521	0.00604521
B_req_14	0.01301895	0.01301895	0.01301895	0.01301895
	0.00572316	0.00572316	0.00572316	0.00572316
B_req_15	0.01581528	0.01581528	0.01581528	0.01581528
	0.00461981	0.00461981	0.00461981	0.00461981
B_req_16	0.01373171	0.01373171	0.01373171	0.01373171
	0.00517625	0.00517625	0.00517625	0.00517625
B_req_17	0.01662864	0.01662864	0.01662864	0.01662864
	0.02924907	0.02924907	0.02924907	0.02924907
B_req_18	-0.01144923	-0.01144923	-0.01144923	-0.01144923
	0.04831075	0.04831075	0.04831075	0.04831075
B_req_19	0.00000000	0.00000000	0.00000000	0.00000000
	0.00000000	0.00000000	0.00000000	0.00000000
B_percent_10	0.00606726	0.00606726	0.00606726	0.00606726
	0.00834717	0.00834717	0.00834717	0.00834717
B_percent_11	0.01207895	0.01207895	0.01207895	0.01207895
	0.01078023	0.01078023	0.01078023	0.01078023
B_percent_12	-0.05170132	-0.05170132	-0.05170132	-0.05170132
	0.00729541	0.00729541	0.00729541	0.00729541
B_percent_13	0.01742107	0.01742107	0.01742107	0.01742107
	0.01182931	0.01182931	0.01182931	0.01182931
B_percent_14	0.01391944	0.01391944	0.01391944	0.01391944
	0.01194586	0.01194586	0.01194586	0.01194586
B_percent_15	0.02355100	0.02355100	0.02355100	0.02355100
	0.01587761	0.01587761	0.01587761	0.01587761
B_percent_16	-0.00496780	-0.00496780	-0.00496780	-0.00496780
	0.00808570	0.00808570	0.00808570	0.00808570
B_percent_17	-0.00205296	-0.00205296	-0.00205296	-0.00205296
	0.11279850	0.11279850	0.11279850	0.11279850
B_percent_18	0.11668201	0.11668201	0.11668201	0.11668201
	0.19111537	0.19111537	0.19111537	0.19111537
B_percent_19	0.00000000	0.00000000	0.00000000	0.00000000
	0.00000000	0.00000000	0.00000000	0.00000000
B_percent2_10	-0.00014464	-0.00014464	-0.00014464	-0.00014464
	0.00022482	0.00022482	0.00022482	0.00022482
B_percent2_11	-0.00021951	-0.00021951	-0.00021951	-0.00021951
	0.00028711	0.00028711	0.00028711	0.00028711
B_percent2_12	0.00093391	0.00093391	0.00093391	0.00093391
	0.00019107	0.00019107	0.00019107	0.00019107
B_percent2_13	-0.00031487	-0.00031487	-0.00031487	-0.00031487
	0.00029649	0.00029649	0.00029649	0.00029649
B_percent2_14	-0.00029093	-0.00029093	-0.00029093	-0.00029093
	0.00031335	0.00031335	0.00031335	0.00031335
B_percent2_15	-0.00068460	-0.00068460	-0.00068460	-0.00068460
	0.00044808	0.00044808	0.00044808	0.00044808
B_percent2_16	0.00025857	0.00025857	0.00025857	0.00025857
	0.00023179	0.00023179	0.00023179	0.00023179
B_percent2_17	-0.00007191	-0.00007191	-0.00007191	-0.00007191
	0.00206231	0.00206231	0.00206231	0.00206231
B_percent2_18	-0.00218547	-0.00218547	-0.00218547	-0.00218547
	0.00344107	0.00344107	0.00344107	0.00344107
B_percent2_19	0.00000000	0.00000000	0.00000000	0.00000000
	0.00000000	0.00000000	0.00000000	0.00000000
B_percent3_10	0.00000094	0.00000094	0.00000094	0.00000094
	0.00000156	0.00000156	0.00000156	0.00000156
B_percent3_11	0.00000117	0.00000117	0.00000117	0.00000117
	0.00000210	0.00000210	0.00000210	0.00000210
B_percent3_12	-0.00000518	-0.00000518	-0.00000518	-0.00000518
	0.00000147	0.00000147	0.00000147	0.00000147
B_percent3_13	0.00000143	0.00000143	0.00000143	0.00000143
	0.00000212	0.00000212	0.00000212	0.00000212
B_percent3_14	0.00000186	0.00000186	0.00000186	0.00000186
	0.00000223	0.00000223	0.00000223	0.00000223
B_percent3_15	0.00000499	0.00000499	0.00000499	0.00000499
	0.00000322	0.00000322	0.00000322	0.00000322
B_percent3_16	-0.00000226	-0.00000226	-0.00000226	-0.00000226
	0.00000166	0.00000166	0.00000166	0.00000166
B_percent3_17	0.00000134	0.00000134	0.00000134	0.00000134
	0.00001185	0.00001185	0.00001185	0.00001185
B_percent3_18	0.00001284	0.00001284	0.00001284	0.00001284
	0.00001918	0.00001918	0.00001918	0.00001918
B_percent3_19	0.00000000	0.00000000	0.00000000	0.00000000
	0.00000000	0.00000000	0.00000000	0.00000000
Constant	4.44621e+03	-1.45088e+03	1.42919e+03	534.95938118
	4.96367e+03	3.09908e+03	1.54527e+03	2.66274e+03
Observations	34179	34179	34179	34179
R-squared	0.96571701	0.56819109	0.99301528	0.96224246
Robust standard errors in parentheses				
